.Random.seed <-
c(403L, 12L, -705486677L, 837315017L, -977721896L, 1093768326L, 
-141870751L, -789668621L, -565746846L, 1885072852L, 1900882135L, 
-1923269939L, -2120529308L, -327253942L, 1959552437L, -1358771953L, 
1090090518L, 696176832L, 802440835L, 1141170849L, 1495655568L, 
-725356690L, -5412583L, -2111133269L, -532584550L, -54069412L, 
237577823L, -971852235L, 1263662540L, 1725060386L, 1500168061L, 
-1683532681L, 620079518L, 1058996312L, -1467179589L, 1396151129L, 
813768936L, 981278998L, -1599438191L, 1753820995L, -223819182L, 
2088615140L, 2129831719L, -1667251331L, -276826508L, -949770150L, 
1340215461L, 1622168255L, 1977256262L, 1157029840L, 1049598451L, 
745927953L, 2018750784L, 1993154846L, 90232297L, -956098789L, 
1979949354L, 1091041868L, -2075498993L, -971486907L, -1418341636L, 
-271496878L, 276258509L, 929740423L, -979443346L, 1769241416L, 
-941998261L, -878934359L, -745858056L, -1744772314L, -547584959L, 
-487684653L, -848189566L, 477457332L, 646964023L, 1308942893L, 
-731724988L, -570202006L, 1482609365L, -703157137L, -267983498L, 
-179859808L, 966626147L, -2095439871L, 2057038704L, 502711054L, 
1839922553L, -1129965301L, 1482410554L, -958668484L, 483061375L, 
580335061L, 808463340L, -1483780798L, -805686627L, 1179180823L, 
-573882754L, 683949624L, 1730300187L, 1262104185L, -331781432L, 
1359321846L, -1173613775L, -1629109405L, -188901070L, -371611004L, 
909985479L, 1333628317L, 675170580L, 328886202L, -860204539L, 
-90373153L, 25803366L, -759417360L, 1280865043L, 1446223025L, 
1302601568L, 1811004670L, 206412937L, -1137206341L, 234222986L, 
744854636L, -1325814289L, -192633307L, -1601838372L, 609138866L, 
944962477L, 198229863L, 2116381838L, -2003310232L, 1276631403L, 
-989414647L, 1489816984L, -1236706106L, -940816863L, 1382344371L, 
-1164915678L, 214816276L, -2050471273L, -1544117107L, -1060656732L, 
-1450962038L, 608452597L, -965513649L, 75782486L, -1179835392L, 
-1827885757L, 130236641L, -697886128L, -999733586L, -2067828135L, 
-717415829L, -1236987942L, -1586810724L, 1446093471L, 1783419125L, 
1565374860L, 53982306L, -1008339907L, 2080978615L, -929639074L, 
-1267991400L, -2094364677L, -230167143L, 164359720L, -615123242L, 
-817888431L, -1326070269L, 1073711506L, 1402599204L, 1448065511L, 
-1905797571L, 1205772468L, -390473958L, 471555173L, 80368895L, 
653522310L, 1816423184L, 1119121331L, 1501688913L, 1119606784L, 
1827170526L, -123534551L, -767713573L, 569273834L, 811357580L, 
742165199L, 1166710405L, 979891516L, 912504850L, -1430571251L, 
-1934592953L, -1158826450L, 1762582408L, 1236064907L, 1920732265L, 
132599864L, -358082330L, -1482727295L, -1245251565L, -572092478L, 
300079220L, 1182109303L, 1461817197L, 201330692L, 304098090L, 
-1174392683L, -1267019985L, -1788127690L, 285168224L, 692441251L, 
-676961343L, -2055606352L, 1626716878L, 114731065L, -546050485L, 
-1448856582L, -1164869892L, 1466192703L, -450454507L, 600889132L, 
164150274L, 593903325L, -294457897L, 282142910L, -1760773384L, 
1560486107L, 305185593L, 1564878472L, 596509152L, 2063005602L, 
256565160L, 210021516L, 142863292L, -979009422L, 1029092336L, 
1087922244L, -44223400L, -1668306886L, 1386135664L, -1625200068L, 
-1058510060L, -537018686L, -1266376992L, 1575347324L, -1066520368L, 
600720290L, -2007088600L, -428843764L, 1257442236L, -23335630L, 
641819840L, -1034027468L, -601274680L, -1627894086L, -1995569008L, 
1200515820L, -444038572L, -2007439726L, -817759456L, 1681832908L, 
1570346208L, 478829250L, -295976920L, 2078696364L, 399758012L, 
839310834L, 1827221040L, 1606305700L, -1257740872L, -223574182L, 
1809696912L, -1100233860L, -759293164L, 1618829634L, -283032832L, 
87730108L, -322780336L, 303328546L, -1605405112L, 698107916L, 
-2081331108L, -408178222L, -247082496L, 167516500L, 1108853992L, 
-44253958L, 1578049232L, -886528724L, -253941516L, 1161022866L, 
191557984L, 1128042508L, 1699239648L, -1159525790L, 1620485800L, 
-1977924020L, 178774908L, -1141742286L, 538285680L, 584395588L, 
-183016488L, 907898746L, 1217456688L, -2094715972L, -1917169068L, 
-1847548862L, 261456032L, -589096260L, -1460060720L, -1034221726L, 
-736310552L, 1147778252L, -517239300L, -2100807182L, -1215990144L, 
-1833601548L, -1960766840L, 563986234L, -363397296L, -647119764L, 
98235796L, 1528595538L, 615979488L, 1753795788L, -1497233248L, 
857065858L, 539908328L, 1474820844L, 21423420L, -845667214L, 
170642544L, -664931292L, -1856499656L, 2007819034L, -504388400L, 
2004816700L, 1922957204L, -669452414L, -7639616L, -525094340L, 
-42870384L, 1023857186L, -907227896L, 2142790284L, -2002663652L, 
-944101230L, -2126001792L, 3836436L, 1390306088L, -134013382L, 
1554665936L, 1527641452L, -1058149452L, 942468114L, -1544742432L, 
-1769063476L, -1474598688L, -1801691102L, -1870017240L, -1949159924L, 
872274748L, 6022130L, 2003107568L, 772899396L, 868707928L, -61848774L, 
602784240L, -1024069956L, -334164716L, -1258580286L, -1185425312L, 
-279677060L, 677723088L, 1523141922L, 518866600L, -745153652L, 
1003572412L, -693221582L, 425065024L, -1286426444L, -1936934328L, 
809807290L, -1069723120L, 1332786924L, 677446996L, 1733580050L, 
451103136L, -823101748L, 1154104928L, -473199678L, -2076652760L, 
-223925332L, 1551646524L, -753271438L, -1739165904L, 1015928100L, 
-1784794312L, -1887293734L, -1251665008L, -1991374084L, -491474028L, 
1690386498L, -229543680L, 1711905852L, -1231751856L, 67801250L, 
-100645560L, 1871436556L, 459348700L, -633962158L, -1712461696L, 
221637716L, -1329204248L, 374492410L, -1588514992L, 1417262892L, 
55696756L, -1305215086L, 1788922976L, 1806747020L, -1556782240L, 
1135379938L, -1704275032L, -12797748L, 180859900L, -388533838L, 
1883725296L, 963977156L, -517740200L, 234564986L, -395487312L, 
1568882108L, 123483220L, -312309822L, 1366329376L, 1661345980L, 
-868268464L, -1910294558L, 358381672L, 1809750092L, -619502340L, 
-537716750L, 486792448L, -506808972L, -751632376L, -1386064966L, 
-1752345136L, 1528877036L, -1617205868L, -1610079790L, -1452328608L, 
-1906230452L, -370110176L, 1073973122L, -1240981784L, 60996410L, 
-1479084561L, 393228409L, -2135114994L, 1599123164L, 146365773L, 
1988513975L, -1396225472L, -322792674L, 1511692779L, 1126323565L, 
1520122842L, -250630760L, 80614401L, -683194957L, -173962028L, 
-1181689374L, -152259465L, -1562465855L, 2119717702L, 1166589572L, 
82356277L, 232339487L, 1506672504L, -621316522L, 1056049891L, 
-884921179L, -588417726L, -232963280L, 779200345L, -138318645L, 
-475161284L, 587118954L, -1241803873L, -609243607L, -1363283778L, 
1826703788L, -8677635L, 821924423L, -1072365264L, -300815794L, 
605680251L, 803090909L, 1128790026L, -893720280L, -1760897135L, 
-634144381L, -1386457468L, -1672887118L, -1115614201L, -371621807L, 
-17846314L, -1329324364L, 1365442245L, -379957233L, -1139785592L, 
1043366310L, 1259436371L, 151227061L, 2132860946L, -50335264L, 
-902126519L, 1542353531L, -1378583732L, 1537715930L, 1846870735L, 
1012703897L, 121581230L, 1300638652L, 386225197L, 417840087L, 
-1472556512L, -1070877826L, -1478206133L, 1735040845L, 1126823290L, 
-41506888L, 1741815137L, 1672163603L, 184994100L, -1920842942L, 
481325911L, -212610399L, -876993690L, -186737308L, 208570517L, 
-1180481089L, 1319640408L, -842095754L, -747871869L, -437656635L, 
762804450L, 970603856L, -1652388743L, 146546603L, -336550628L, 
-424603062L, -1519839681L, 1500113545L, -1170829666L, 1732913996L, 
968649501L, 1067383463L, 770281936L, -1368557202L, -741284837L, 
-96227971L, -2137445526L, 1223044616L, 1903657649L, -1315410653L, 
1151155748L, -670198574L, -2051648217L, -623272079L, -806552138L, 
-175684268L, 1879663589L, -222339601L, -1959443160L, 62723462L, 
1364292019L, 702082325L, -1623625870L, -487162944L, -1476867031L, 
-519227237L, 523208044L, -746062470L, 134368943L, -311380551L, 
1454340046L, 195196700L, -181852531L, 1020077815L, -1206359552L, 
1575498846L, 1490786091L, 818508845L, 1015252122L, -1061648296L, 
1912061889L, -66310029L, 1797786004L, 2069645346L, -1072242889L, 
2084102657L, 696720134L, 535070532L, 163650165L, 1287093215L, 
